
# -------------------------------Section 1-------------------------------
# ------------Specifying the Input Values for Some Parameters------------


param nbp_Np := 10;

param: 		nbp_Nop		nbp_RM	:=
#Reservoir (i)
1		5		4
2		4		2
3		3		2
;



param: 					Np_bar		Nop_bar		RMpp_bar	qopp_bar	Gp_bar		Wp_bar		Gi_bar		Wi_bar :=
#Reservoir (i)	j	k	l
1		1	1	1	0		0		1		0		0		0		0		0
1		2	1	1	1.64758		0		1		0		0		0		0		0
1		3	1	1	2.62792		0		1		0		0		0		0		0
1		4	1	1	4.12311		0		1		0		0		0		0		0
1		5	1	1	6.26942		0		1		0		0		0		0		0
1		6	1	1	9.58602		0		1		0		0		0		0		0
1		7	1	1	14.09179	0		1		0		0		0		0		0
1		8	1	1	18.59756	0		1		0		0		0		0		0
1		9	1	1	23.10333	0		1		0		0		0		0		0
1		10	1	1	27.6091		0		1		0		0		0		0		0
1		1	2	1	0		1		1		1382.43		0		0		0		0
1		2	2	1	1.64758		1		1		557.2984325	82.3762		0.0103197	0		0
1		3	2	1	2.62792		1		1		465.1628358	262.856		0.0306422	0		0
1		4	2	1	4.12311		1		1		0		2869.05		0.125951	0		0
1		5	2	1	6.26942		1		1		0		5250		0.55		0		0
1		6	2	1	9.58602		1		1		0		5250		0.55		0		0
1		7	2	1	14.09179	1		1		0		5250		0.55		0		0
1		8	2	1	18.59756	1		1		0		5250		0.55		0		0
1		9	2	1	23.10333	1		1		0		5250		0.55		0		0
1		10	2	1	27.6091		1		1		0		5250		0.55		0		0
1		1	3	1	0		5		1		6882.01		0		0		0		0
1		2	3	1	1.64758		5		1		2887.074618	82.3762		0.0103197	0		0
1		3	3	1	2.62792		5		1		2421.713807	262.856		0.0306422	0		0
1		4	3	1	4.12311		5		1		71.83461076	2869.05		0.125951	0		0
1		5	3	1	6.26942		5		1		0		5250		0.55		0		0
1		6	3	1	9.58602		5		1		0		5250		0.55		0		0
1		7	3	1	14.09179	5		1		0		5250		0.55		0		0
1		8	3	1	18.59756	5		1		0		5250		0.55		0		0
1		9	3	1	23.10333	5		1		0		5250		0.55		0		0
1		10	3	1	27.6091		5		1		0		5250		0.55		0		0
1		1	4	1	0		10		1		13374.2		0		0		0		0
1		2	4	1	1.64758		10		1		5659.251088	82.3762		0.0103197	0		0
1		3	4	1	2.62792		10		1		4751.065439	262.856		0.0306422	0		0
1		4	4	1	4.12311		10		1		113.8677403	2869.05		0.125951	0		0
1		5	4	1	6.26942		10		1		0		5250		0.55		0		0
1		6	4	1	9.58602		10		1		0		5250		0.55		0		0
1		7	4	1	14.09179	10		1		0		5250		0.55		0		0
1		8	4	1	18.59756	10		1		0		5250		0.55		0		0
1		9	4	1	23.10333	10		1		0		5250		0.55		0		0
1		10	4	1	27.6091		10		1		0		5250		0.55		0		0
1		1	5	1	0		15		1		19325.7		0		0		0		0
1		2	5	1	1.64758		15		1		8181.39		82.3762		0.0103197	0		0
1		3	5	1	2.62792		15		1		6944.56		262.856		0.0306422	0		0
1		4	5	1	4.12311		15		1		205.229		2869.05		0.125951	0		0
1		5	5	1	6.26942		15		1		0		5250		0.55		0		0
1		6	5	1	9.58602		15		1		0		5250		0.55		0		0
1		7	5	1	14.09179	15		1		0		5250		0.55		0		0
1		8	5	1	18.59756	15		1		0		5250		0.55		0		0
1		9	5	1	23.10333	15		1		0		5250		0.55		0		0
1		10	5	1	27.6091		15		1		0		5250		0.55		0		0
1		1	1	2	0		0		2		0		0		0		0		0
1		2	1	2	1.64758		0		2		0		0		0		0		0
1		3	1	2	2.62792		0		2		0		0		0		0		0
1		4	1	2	4.12311		0		2		0		0		0		0		0
1		5	1	2	6.26942		0		2		0		0		0		0		0
1		6	1	2	9.58602		0		2		0		0		0		0		0
1		7	1	2	14.09179	0		2		0		0		0		0		0
1		8	1	2	18.59756	0		2		0		0		0		0		0
1		9	1	2	23.10333	0		2		0		0		0		0		0
1		10	1	2	27.6091		0		2		0		0		0		0		0
1		1	2	2	0		1		2		1382.43		0		0		0		0
1		2	2	2	1.64758		1		2		1246.997916	82.37636784	0.047746329	0		1.920074033
1		3	2	2	2.62792		1		2		1128.268613	131.392		0.193211513	0		3.179599188
1		4	2	2	4.12311		1		2		940.5631616	206.148935	0.687291073	0		5.372784942
1		5	2	2	6.26942		1		2		706.5634215	313.4609663	2.21157158	0		9.336033132
1		6	2	2	9.58602		1		2		0		479.286		7.25721346	0		18.15029193
1		7	2	2	14.09179	1		2		0		704.5662027	21.99815018	0		38.01046846
1		8	2	2	18.59756	1		2		0		929.8488887	50.97237814	0		72.10281152
1		9	2	2	23.10333	1		2		0		1155.127274	102.8720274	0		129.1190644
1		10	2	2	27.6091		1		2		0		1380		185		0		215
1		1	3	2	0		5		2		6882.01		0		0		0		0
1		2	3	2	1.64758		5		2		6210.788845	82.37636784	0.047746329	0		1.920074033
1		3	3	2	2.62792		5		2		5631.248928	131.392		0.193211513	0		3.179599188
1		4	3	2	4.12311		5		2		4705.440728	206.148935	0.687291073	0		5.372784942
1		5	3	2	6.26942		5		2		3548.021318	313.4609663	2.21157158	0		9.336033132
1		6	3	2	9.58602		5		2		2291.943174	479.286		7.25721346	0		18.15029193
1		7	3	2	14.09179	5		2		1306.986304	704.5662027	21.99815018	0		38.01046846
1		8	3	2	18.59756	5		2		0		929.8488887	50.97237814	0		72.10281152
1		9	3	2	23.10333	5		2		0		1155.127274	102.8720274	0		129.1190644
1		10	3	2	27.6091		5		2		0		1380		185		0		215
1		1	4	2	0		10		2		13374.2		0		0		0		0
1		2	4	2	1.64758		10		2		12068.2566	82.37636784	0.047746329	0		1.920074033
1		3	4	2	2.62792		10		2		10952.23643	131.392		0.193211513	0		3.179599188
1		4	4	2	4.12311		10		2		9168.109139	206.148935	0.687291073	0		5.372784942
1		5	4	2	6.26942		10		2		6934.698524	313.4609663	2.21157158	0		9.336033132
1		6	4	2	9.58602		10		2		4485.095516	479.286		7.25721346	0		18.15029193
1		7	4	2	14.09179	10		2		2560.918272	704.5662027	21.99815018	0		38.01046846
1		8	4	2	18.59756	10		2		1509.446513	929.8488887	50.97237814	0		72.10281152
1		9	4	2	23.10333	10		2		906.1001947	1155.127274	102.8720274	0		129.1190644
1		10	4	2	27.6091		10		2		0		1380		185		0		215
1		1	5	2	0		15		2		19325.7		0		0		0		0
1		2	5	2	1.64758		15		2		17511.03979	82.37636784	0.047746329	0		1.920074033
1		3	5	2	2.62792		15		2		15851.11955	131.392		0.193211513	0		3.179599188
1		4	5	2	4.12311		15		2		13265.71409	206.148935	0.687291073	0		5.372784942
1		5	5	2	6.26942		15		2		9999.152771	313.4609663	2.21157158	0		9.336033132
1		6	5	2	9.58602		15		2		6494.189098	479.286		7.25721346	0		18.15029193
1		7	5	2	14.09179	15		2		3719.387972	704.5662027	21.99815018	0		38.01046846
1		8	5	2	18.59756	15		2		2187.39499	929.8488887	50.97237814	0		72.10281152
1		9	5	2	23.10333	15		2		1317.49056	1155.127274	102.8720274	0		129.1190644
1		10	5	2	27.6091		15		2		0		1380		185		0		215
1		1	1	3	0		0		3		0		0		0		0		0
1		2	1	3	1.64758		0		3		0		0		0		0		0
1		3	1	3	2.62792		0		3		0		0		0		0		0
1		4	1	3	4.12311		0		3		0		0		0		0		0
1		5	1	3	6.26942		0		3		0		0		0		0		0
1		6	1	3	9.58602		0		3		0		0		0		0		0
1		7	1	3	14.09179	0		3		0		0		0		0		0
1		8	1	3	18.59756	0		3		0		0		0		0		0
1		9	1	3	23.10333	0		3		0		0		0		0		0
1		10	1	3	27.6091		0		3		0		0		0		0		0
1		1	2	3	0		1		3		1382.43		0		0		0		0
1		2	2	3	1.64758		1		3		1384.450846	271.8979678	0		639.7568118	0
1		3	2	3	2.62792		1		3		1234.021175	892.9523178	0		1465.998789	0
1		4	2	3	4.12311		1		3		949.9163791	2922.318497	0		3784.537449	0
1		5	2	3	6.26942		1		3		624.2737286	9120.35		0		10325.46556	0
1		6	2	3	9.58602		1		3		0		29396.7		0		30896.53372	0
1		7	2	3	14.09179	1		3		0		88103.6669	0		89319.03129	0
1		8	2	3	18.59756	1		3		0		203088.5688	0		202782.9411	0
1		9	2	3	23.10333	1		3		0		408813.9488	0		404992.5855	0
1		10	2	3	27.6091		1		3		0		764371		0		753741.146	0
1		1	3	3	0		5		3		6882.01		0		0		0		0
1		2	3	3	1.64758		5		3		6797.206857	271.8979678	0		639.7568118	0
1		3	3	3	2.62792		5		3		6010.528698	892.9523178	0		1465.998789	0
1		4	3	3	4.12311		5		3		4658.944215	2922.318497	0		3784.537449	0
1		5	3	3	6.26942		5		3		3072.604304	9120.35		0		10325.46556	0
1		6	3	3	9.58602		5		3		1787.31747	29396.7		0		30896.53372	0
1		7	3	3	14.09179	5		3		1063.144234	88103.6669	0		89319.03129	0
1		8	3	3	18.59756	5		3		0		203088.5688	0		202782.9411	0
1		9	3	3	23.10333	5		3		0		408813.9488	0		404992.5855	0
1		10	3	3	27.6091		5		3		0		764371		0		753741.146	0
1		1	4	3	0		10		3		13374.2		0		0		0		0
1		2	4	3	1.64758		10		3		12993.57138	271.8979678	0		639.7568118	0
1		3	4	3	2.62792		10		3		11426.61326	892.9523178	0		1465.998789	0
1		4	4	3	4.12311		10		3		8699.839241	2922.318497	0		3784.537449	0
1		5	4	3	6.26942		10		3		5793.421538	9120.35		0		10325.46556	0
1		6	4	3	9.58602		10		3		3675.001196	29396.7		0		30896.53372	0
1		7	4	3	14.09179	10		3		2645.25357	88103.6669	0		89319.03129	0
1		8	4	3	18.59756	10		3		2027.726541	203088.5688	0		202782.9411	0
1		9	4	3	23.10333	10		3		1513.960481	408813.9488	0		404992.5855	0
1		10	4	3	27.6091		10		3		0		764371		0		753741.146	0
1		1	5	3	0		15		3		19325.7		0		0		0		0
1		2	5	3	1.64758		15		3		18479.09803	271.8979678	0		639.7568118	0
1		3	5	3	2.62792		15		3		15949.89915	892.9523178	0		1465.998789	0
1		4	5	3	4.12311		15		3		12032.57656	2922.318497	0		3784.537449	0
1		5	5	3	6.26942		15		3		8030.58		9120.35		0		10325.46556	0
1		6	5	3	9.58602		15		3		5226.94		29396.7		0		30896.53372	0
1		7	5	3	14.09179	15		3		3704.630335	88103.6669	0		89319.03129	0
1		8	5	3	18.59756	15		3		2590.674752	203088.5688	0		202782.9411	0
1		9	5	3	23.10333	15		3		1753.034861	408813.9488	0		404992.5855	0
1		10	5	3	27.6091		15		3		1119.31		764371		0		753741.146	0
1		1	1	4	0		0		4		0		0		0		0		0
1		2	1	4	1.64758		0		4		0		0		0		0		0
1		3	1	4	2.62792		0		4		0		0		0		0		0
1		4	1	4	4.12311		0		4		0		0		0		0		0
1		5	1	4	6.26942		0		4		0		0		0		0		0
1		6	1	4	9.58602		0		4		0		0		0		0		0
1		7	1	4	14.09179	0		4		0		0		0		0		0
1		8	1	4	18.59756	0		4		0		0		0		0		0
1		9	1	4	23.10333	0		4		0		0		0		0		0
1		10	1	4	27.6091		0		4		0		0		0		0		0
1		1	2	4	0		1		4		1382.43		0		0		0		0
1		2	2	4	1.64758		1		4		1349.82385	145.9821262	0.017776796	260.8084403	1.050194385
1		3	2	4	2.62792		1		4		1267.519685	349.0096487	0.082077913	477.4953328	1.922725034
1		4	2	4	4.12311		1		4		1102.902054	796.54954	0.348852932	896.3565857	3.609348884
1		5	2	4	6.26942		1		4		859.9009326	1648.722502	1.329284056	1674.369072	6.742162925
1		6	2	4	9.58602		1		4		0		3486.574339	4.972074295	3395.579062	13.67293965
1		7	2	4	14.09179	1		4		0		7530.585407	16.23736752	7274.77571	29.29325673
1		8	2	4	18.59756	1		4		0		14420.62804	38.9094189	13961.99092	56.2205903
1		9	2	4	23.10333	1		4		0		25920.63212	79.95625421	25184.97871	101.4120678
1		10	2	4	27.6091		1		4		0		44882.2		150.727		43744.01907	176.1435448
1		1	3	4	0		5		4		6882.01		0		0		0		0
1		2	3	4	1.64758		5		4		6704.486838	145.9821262	0.017776796	260.8084403	1.050194385
1		3	3	4	2.62792		5		4		6302.555678	349.0096487	0.082077913	477.4953328	1.922725034
1		4	3	4	4.12311		5		4		5481.881822	796.54954	0.348852932	896.3565857	3.609348884
1		5	3	4	6.26942		5		4		4287.711232	1648.722502	1.329284056	1674.369072	6.742162925
1		6	3	4	9.58602		5		4		2819.929888	3486.574339	4.972074295	3395.579062	13.67293965
1		7	3	4	14.09179	5		4		1637.423181	7530.585407	16.23736752	7274.77571	29.29325673
1		8	3	4	18.59756	5		4		974.6008059	14420.62804	38.9094189	13961.99092	56.2205903
1		9	3	4	23.10333	5		4		0		25920.63212	79.95625421	25184.97871	101.4120678
1		10	3	4	27.6091		5		4		0		44882.2		150.727		43744.01907	176.1435448
1		1	4	4	0		10		4		13374.2		0		0		0		0
1		2	4	4	1.64758		10		4		12998.00641	145.9821262	0.017776796	260.8084403	1.050194385
1		3	4	4	2.62792		10		4		12216.89481	349.0096487	0.082077913	477.4953328	1.922725034
1		4	4	4	4.12311		10		4		10602.82663	796.54954	0.348852932	896.3565857	3.609348884
1		5	4	4	6.26942		10		4		8296.530556	1648.722502	1.329284056	1674.369072	6.742162925
1		6	4	4	9.58602		10		4		5463.665227	3486.574339	4.972074295	3395.579062	13.67293965
1		7	4	4	14.09179	10		4		3175.870844	7530.585407	16.23736752	7274.77571	29.29325673
1		8	4	4	18.59756	10		4		1891.193792	14420.62804	38.9094189	13961.99092	56.2205903
1		9	4	4	23.10333	10		4		1082.252241	25920.63212	79.95625421	25184.97871	101.4120678
1		10	4	4	27.6091		10		4		0		44882.2		150.727		43744.01907	176.1435448
1		1	5	4	0		15		4		19325.7		0		0		0		0
1		2	5	4	1.64758		15		4		18772.98705	145.9821262	0.017776796	260.8084403	1.050194385
1		3	5	4	2.62792		15		4		17635.06983	349.0096487	0.082077913	477.4953328	1.922725034
1		4	5	4	4.12311		15		4		15282.06442	796.54954	0.348852932	896.3565857	3.609348884
1		5	5	4	6.26942		15		4		11981.82058	1648.722502	1.329284056	1674.369072	6.742162925
1		6	5	4	9.58602		15		4		7887.165489	3486.574339	4.972074295	3395.579062	13.67293965
1		7	5	4	14.09179	15		4		4585.715651	7530.585407	16.23736752	7274.77571	29.29325673
1		8	5	4	18.59756	15		4		2731.126486	14420.62804	38.9094189	13961.99092	56.2205903
1		9	5	4	23.10333	15		4		1557.948429	25920.63212	79.95625421	25184.97871	101.4120678
1		10	5	4	27.6091		15		4		0		44882.2		150.727		43744.01907	176.1435448
#
#
2		1	1	1	0		0		1		0		0		0		0		0
2		2	1	1	0.616863	0		1		0		0		0		0		0
2		3	1	1	1.08687		0		1		0		0		0		0		0
2		4	1	1	3.32873		0		1		0		0		0		0		0
2		5	1	1	4.02871		0		1		0		0		0		0		0
2		6	1	1	5.27066		0		1		0		0		0		0		0
2		7	1	1	18.78658	0		1		0		0		0		0		0
2		8	1	1	25.54454	0		1		0		0		0		0		0
2		9	1	1	29.48		0		1		0		0		0		0		0
2		10	1	1	32.3025		0		1		0		0		0		0		0
2		1	2	1	0		1		1		3800.06		0		0		0		0
2		2	2	1	0.616863	1		1		3249.780754	92.5267		0		0		0
2		3	2	1	1.08687		1		1		3018.149174	169.804		0.000104432	0		0
2		4	2	1	3.32873		1		1		804.4742637	1624.4		0.00284402	0		0
2		5	2	1	4.02871		1		1		341.0649606	3137.11		0.00650079	0		0
2		6	2	1	5.27066		1		1		0		7037.96		0.0296127	0		0
2		7	2	1	18.78658	1		1		0		7037.96		0.0296127	0		0
2		8	2	1	25.54454	1		1		0		7037.96		0.0296127	0		0
2		9	2	1	29.48		1		1		0		7037.96		0.0296127	0		0
2		10	2	1	32.3025		1		1		0		7037.96		0.0296127	0		0
2		1	3	1	0		4		1		13368.3		0		0		0		0
2		2	3	1	0.616863	4		1		11403.8709	92.5267		0		0		0
2		3	3	1	1.08687		4		1		10553.16258	169.804		0.000104432	0		0
2		4	3	1	3.32873		4		1		2844.426066	1624.4		0.00284402	0		0
2		5	3	1	4.02871		4		1		1294.521504	3137.11		0.00650079	0		0
2		6	3	1	5.27066		4		1		0		7037.96		0.0296127	0		0
2		7	3	1	18.78658	4		1		0		7037.96		0.0296127	0		0
2		8	3	1	25.54454	4		1		0		7037.96		0.0296127	0		0
2		9	3	1	29.48		4		1		0		7037.96		0.0296127	0		0
2		10	3	1	32.3025		4		1		0		7037.96		0.0296127	0		0
2		1	4	1	0		7		1		19897.2		0		0		0		0
2		2	4	1	0.616863	7		1		16784.7		92.5267		0		0		0
2		3	4	1	1.08687		7		1		15550.8		169.804		0.000104432	0		0
2		4	4	1	3.32873		7		1		4099.23		1624.4		0.00284402	0		0
2		5	4	1	4.02871		7		1		1874.41		3137.11		0.00650079	0		0
2		6	4	1	5.27066		7		1		2.23801		7037.96		0.0296127	0		0
2		7	4	1	18.78658	7		1		0		7037.96		0.0296127	0		0
2		8	4	1	25.54454	7		1		0		7037.96		0.0296127	0		0
2		9	4	1	29.48		7		1		0		7037.96		0.0296127	0		0
2		10	4	1	32.3025		7		1		0		7037.96		0.0296127	0		0
2		1	1	2	0		0		2		0		0		0		0		0
2		2	1	2	0.616863	0		2		0		0		0		0		0
2		3	1	2	1.08687		0		2		0		0		0		0		0
2		4	1	2	3.32873		0		2		0		0		0		0		0
2		5	1	2	4.02871		0		2		0		0		0		0		0
2		6	1	2	5.27066		0		2		0		0		0		0		0
2		7	1	2	18.78658	0		2		0		0		0		0		0
2		8	1	2	25.54454	0		2		0		0		0		0		0
2		9	1	2	29.48		0		2		0		0		0		0		0
2		10	1	2	32.3025		0		2		0		0		0		0		0
2		1	2	2	0		1		2		3800.06		0		0		0		0
2		2	2	2	0.616863	1		2		3784.36014	92.5267		0		0		0.882292268
2		3	2	2	1.08687		1		2		3762.942022	163.0258444	0.001873	0		1.556410782
2		4	2	2	3.32873		1		2		3590.482846	499.2940863	0.056952855	0		4.817996874
2		5	2	2	4.02871		1		2		3517.717726	604.2882968	0.09716739	0		5.859387407
2		6	2	2	5.27066		1		2		3370.602233	790.5752979	0.207519886	0		7.746075349
2		7	2	2	18.78658	1		2		1255.610504	2817.896831	9.904029542	0		36.77348638
2		8	2	2	25.54454	1		2		0		3831.571	33.88527297	0		70.41868952
2		9	2	2	29.48		1		2		0		4421.87		71.7183		0		113.8774983
2		10	2	2	32.3025		1		2		0		4845.22		136.63		0		182.8214085
2		1	3	2	0		4		2		13368.3		0		0		0		0
2		2	3	2	0.616863	4		2		13313.34336	92.5267		0		0		0.882292268
2		3	3	2	1.08687		4		2		13241.13408	163.0258444	0.001873	0		1.556410782
2		4	3	2	3.32873		4		2		12649.50499	499.2940863	0.056952855	0		4.817996874
2		5	3	2	4.02871		4		2		12389.13895	604.2882968	0.09716739	0		5.859387407
2		6	3	2	5.27066		4		2		11893.27852	790.5752979	0.207519886	0		7.746075349
2		7	3	2	18.78658	4		2		4465.082533	2817.896831	9.904029542	0		36.77348638
2		8	3	2	25.54454	4		2		1794.030688	3831.571	33.88527297	0		70.41868952
2		9	3	2	29.48		4		2		808.9093333	4421.87		71.7183		0		113.8774983
2		10	3	2	32.3025		4		2		0		4845.22		136.63		0		182.8214085
2		1	4	2	0		7		2		19897.2		0		0		0		0
2		2	4	2	0.616863	7		2		19818.3		92.5267		0		0		0.882292268
2		3	4	2	1.08687		7		2		19707.43751	163.0258444	0.001873	0		1.556410782
2		4	4	2	3.32873		7		2		18806.9845	499.2940863	0.056952855	0		4.817996874
2		5	4	2	4.02871		7		2		18426.24554	604.2882968	0.09716739	0		5.859387407
2		6	4	2	5.27066		7		2		17695.1239	790.5752979	0.207519886	0		7.746075349
2		7	4	2	18.78658	7		2		6707.383516	2817.896831	9.904029542	0		36.77348638
2		8	4	2	25.54454	7		2		2585.72506	3831.571	33.88527297	0		70.41868952
2		9	4	2	29.48		7		2		1221.01		4421.87		71.7183		0		113.8774983
2		10	4	2	32.3025		7		2		520.368		4845.22		136.63		0		182.8214085
#
#
3		1	1	1	0		0		1		0		0		0		0		0
3		2	1	1	0.447426	0		1		0		0		0		0		0
3		3	1	1	0.972416	0		1		0		0		0		0		0
3		4	1	1	1.14395		0		1		0		0		0		0		0
3		5	1	1	1.38948		0		1		0		0		0		0		0
3		6	1	1	4.293455	0		1		0		0		0		0		0
3		7	1	1	5.63294		0		1		0		0		0		0		0
3		8	1	1	6.972425	0		1		0		0		0		0		0
3		9	1	1	7.83		0		1		0		0		0		0		0
3		10	1	1	8.31191		0		1		0		0		0		0		0
3		1	2	1	0		1		1		4330.85		0		0		0		0
3		2	2	1	0.447426	1		1		2821.47		78.80661197	0.000157738	0		0
3		3	2	1	0.972416	1		1		577.4138722	474.369		0.00293611	0		0
3		4	2	1	1.14395		1		1		221.5418782	893.491		0.00700264	0		0
3		5	2	1	1.38948		1		1		0		1666.74		0.0256036	0		0
3		6	2	1	4.293455	1		1		0		1666.74		0.0256036	0		0
3		7	2	1	5.63294		1		1		0		1666.74		0.0256036	0		0
3		8	2	1	6.972425	1		1		0		1666.74		0.0256036	0		0
3		9	2	1	7.83		1		1		0		1666.74		0.0256036	0		0
3		10	2	1	8.31191		1		1		0		1666.74		0.0256036	0		0
3		1	3	1	0		3		1		11553.4		0		0		0		0
3		2	3	1	0.447426	3		1		7407.792249	78.80661197	0.000157738	0		0
3		3	3	1	0.972416	3		1		1932.95		474.369		0.00293611	0		0
3		4	3	1	1.14395		3		1		848.385		893.491		0.00700264	0		0
3		5	3	1	1.38948		3		1		0.527663	1666.74		0.0256036	0		0
3		6	3	1	4.293455	3		1		0		1666.74		0.0256036	0		0
3		7	3	1	5.63294		3		1		0		1666.74		0.0256036	0		0
3		8	3	1	6.972425	3		1		0		1666.74		0.0256036	0		0
3		9	3	1	7.83		3		1		0		1666.74		0.0256036	0		0
3		10	3	1	8.31191		3		1		0		1666.74		0.0256036	0		0
3		1	1	2	0		0		2		0		0		0		0		0
3		2	1	2	0.447426	0		2		0		0		0		0		0
3		3	1	2	0.972416	0		2		0		0		0		0		0
3		4	1	2	1.14395		0		2		0		0		0		0		0
3		5	1	2	1.38948		0		2		0		0		0		0		0
3		6	1	2	4.293455	0		2		0		0		0		0		0
3		7	1	2	5.63294		0		2		0		0		0		0		0
3		8	1	2	6.972425	0		2		0		0		0		0		0
3		9	1	2	7.83		0		2		0		0		0		0		0
3		10	1	2	8.31191		0		2		0		0		0		0		0
3		1	2	2	0		1		2		4330.85		0		0		0		0
3		2	2	2	0.447426	1		2		4234.396247	67.11194181	0.001422157	0		0.641369943
3		3	2	2	0.972416	1		2		4006.181326	145.8581428	0.018052503	0		1.408884884
3		4	2	2	1.14395		1		2		3913.653135	171.5874181	0.030890356	0		1.667065196
3		5	2	2	1.38948		1		2		3763.362285	208.4157621	0.054810974	0		2.042163982
3		6	2	2	4.293455	1		2		1526.444276	643.9992612	1.973521731	0		8.114251425
3		7	2	2	5.63294		1		2		745.3858913	844.9156066	5.708934706	0		13.76520386
3		8	2	2	6.972425	1		2		255.9874657	1045.831155	16.7360092	0		26.70724034
3		9	2	2	7.83		1		2		0		1174.464961	40.20087614	0		51.39684467
3		10	2	2	8.31191		1		2		0		1246.75		88.249		0		100.1304233
3		1	3	2	0		3		2		11553.4		0		0		0		0
3		2	3	2	0.447426	3		2		11290.7198	67.11194181	0.001422157	0		0.641369943
3		3	3	2	0.972416	3		2		10705.0451	145.8581428	0.018052503	0		1.408884884
3		4	3	2	1.14395		3		2		10463.2519	171.5874181	0.030890356	0		1.667065196
3		5	3	2	1.38948		3		2		10083.97137	208.4157621	0.054810974	0		2.042163982
3		6	3	2	4.293455	3		2		4102.428283	643.9992612	1.973521731	0		8.114251425
3		7	3	2	5.63294		3		2		2013.852904	844.9156066	5.708934706	0		13.76520386
3		8	3	2	6.972425	3		2		694.4203396	1045.831155	16.7360092	0		26.70724034
3		9	3	2	7.83		3		2		211.0301664	1174.464961	40.20087614	0		51.39684467
3		10	3	2	8.31191		3		2		53.7713		1246.75		88.249		0		100.1304233
;